[TEXTURES]
#ID	FilePath
9001	.\textures\Global\HealthPointBar.png
9002	.\textures\Global\hov_gunsprite.png

[SPRITES]
#ID	TextureId	left	top	right	bottom
9011	9001		0	0	9	88
9012	9001		9	0	18	88
9013	9001		18	0	27	88
9014	9001		27	0	36	88
9015	9001		36	0	45	88
9016	9001		45	0	54	88
9017	9001		54	0	63	88
9018	9001		63	0	72	88
9019	9001		72	0	81	88


[ANIMATIONS]
#ID	SpriteId1	Duration1	SpriteId2	Duration2	...
9021	9011		1000000
9022	9012		1000000
9023	9013		1000000
9024	9014		1000000
9025	9015		1000000
9026	9016		1000000
9027	9017		1000000
9028	9018		1000000
9029	9019		1000000

[STATE_ANIMATIONS]
#ID	AnimId	FlipX	FlipY	TimesR90
9031	9021	0	0	0
9032	9022	0	0	0
9033	9023	0	0	0
9034	9024	0	0	0
9035	9025	0	0	0
9036	9026	0	0	0
9037	9027	0	0	0
9038	9028	0	0	0
9039	9029	0	0	0

[OBJECT_ANIMATIONS]
#ID	StateAnimId1	StateAnimId2	...
9041	9031	9032	9033	9034 	9035	9036	9037	9038	9039
