[TEXTURES]
#ID	FilePath
9001	.\textures\Global\HealthPointBar.png
9002	.\textures\Global\hov_gunsprite.png

9003	.\textures\Global\WeaponMenu.png
9004	.\textures\Global\number0-9.png

[SPRITES]
#ID	TextureId	left	top	right	bottom
9011	9001		0	0	9	88
9012	9001		9	0	18	88
9013	9001		18	0	27	88
9014	9001		27	0	36	88
9015	9001		36	0	45	88
9016	9001		45	0	54	88
9017	9001		54	0	63	88
9018	9001		63	0	72	88
9019	9001		72	0	81	88

#Weapon
9130	9003		0	0	256	240

#Number digits
9131	9004		0	0	9	10
9132	9004		9	0	18	10
9133	9004		18	0	27	10
9134	9004		27	0	36	10
9135	9004		36	0	45	10
9136	9004		45	0	54	10
9137	9004		54	0	63	10
9138	9004		63	0	72	10
9139	9004		72	0	81	10
9140	9004		81	0	90	10

[ANIMATIONS]
#ID	SpriteId1	Duration1	SpriteId2	Duration2	...
9021	9011		1000000
9022	9012		1000000
9023	9013		1000000
9024	9014		1000000
9025	9015		1000000
9026	9016		1000000
9027	9017		1000000
9028	9018		1000000
9029	9019		1000000

9999 	9130 		1000000
10000	9131		1000000
10001	9132		1000000
10002	9133		1000000
10003	9134		1000000
10004	9135		1000000
10005	9136		1000000
10006	9137		1000000
10007	9138		1000000
10008	9139		1000000
10009	9140		1000000

[STATE_ANIMATIONS]
#ID	AnimId	FlipX	FlipY	TimesR90
9031	9021	0	0	0
9032	9022	0	0	0
9033	9023	0	0	0
9034	9024	0	0	0
9035	9025	0	0	0
9036	9026	0	0	0
9037	9027	0	0	0
9038	9028	0	0	0
9039	9029	0	0	0

99999	9999	0	0	0
11000	10000	0	0	0
11001	10001	0	0	0
11002	10002	0	0	0
11003	10003	0	0	0
11004	10004	0	0	0
11005	10005	0	0	0
11006	10006	0	0	0
11007	10007	0	0	0
11008	10008	0	0	0
11009	10009	0	0	0


[OBJECT_ANIMATIONS]
#ID	StateAnimId1	StateAnimId2	...
9041	9031	9032	9033	9034 	9035	9036	9037	9038	9039

11111	99999
22222	11000	11001	11002	11003	11004	11005	11006	11007	11008	11009
